segments: TP, FN, FP, TN
[2238, 151, 2117, 1119]
F-1 = 0.6637
F-B = 0.8044
SEN = 0.93679
SPE = 0.3458
BAC = 0.6413
ACC = 0.5968
PPV = 0.51389
NPV = 0.8811

