segments: TP, FN, FP, TN
[1690, 699, 258, 2978]
F-1 = 0.77934
F-B = 0.73453
SEN = 0.70741
SPE = 0.92027
BAC = 0.81384
ACC = 0.82987
PPV = 0.86756
NPV = 0.8099

