segments: TP, FN, FP, TN
[835, 914, 1554, 2322]
F-1 = 0.40358
F-B = 0.44486
SEN = 0.47742
SPE = 0.59907
BAC = 0.53824
ACC = 0.56124
PPV = 0.34952
NPV = 0.71755

