segments: TP, FN, FP, TN
[412, 1977, 1692, 1544]
F-1 = 0.1834
F-B = 0.17667
SEN = 0.17246
SPE = 0.47713
BAC = 0.32479
ACC = 0.34773
PPV = 0.19582
NPV = 0.43851

