segments: TP, FN, FP, TN
[1999, 390, 375, 2861]
F-1 = 0.83939
F-B = 0.8378
SEN = 0.83675
SPE = 0.88412
BAC = 0.86043
ACC = 0.864
PPV = 0.84204
NPV = 0.88004

