segments: TP, FN, FP, TN
[2389, 0, 3234, 2]
F-1 = 0.59636
F-B = 0.78694
SEN = 1.0
SPE = 0.00062
BAC = 0.50031
ACC = 0.42507
PPV = 0.42486
NPV = 1.0

