segments: TP, FN, FP, TN
[1905, 484, 161, 3075]
F-1 = 0.85522
F-B = 0.81957
SEN = 0.7974
SPE = 0.95025
BAC = 0.87383
ACC = 0.88533
PPV = 0.92207
NPV = 0.86401

