segments: TP, FN, FP, TN
[1910, 479, 240, 2996]
F-1 = 0.8416
F-B = 0.81582
SEN = 0.7995
SPE = 0.92583
BAC = 0.86267
ACC = 0.87218
PPV = 0.88837
NPV = 0.86216

