segments: TP, FN, FP, TN
[2018, 371, 173, 3063]
F-1 = 0.88122
F-B = 0.85894
SEN = 0.8447
SPE = 0.94654
BAC = 0.89562
ACC = 0.90329
PPV = 0.92104
NPV = 0.89196

