segments: TP, FN, FP, TN
[2027, 362, 147, 3089]
F-1 = 0.88845
F-B = 0.86402
SEN = 0.84847
SPE = 0.95457
BAC = 0.90152
ACC = 0.90951
PPV = 0.93238
NPV = 0.8951

