segments: TP, FN, FP, TN
[414, 1975, 445, 2791]
F-1 = 0.25493
F-B = 0.19875
SEN = 0.17329
SPE = 0.86248
BAC = 0.51789
ACC = 0.56978
PPV = 0.48196
NPV = 0.58561

