Accuracy:tensor(0.8233, device='cuda:0')
segments: TP, FN, FP, TN
[1575, 814, 180, 3056]
F-1 = 0.76014
F-B = 0.69622
SEN = 0.65927
SPE = 0.94438
BAC = 0.80182
ACC = 0.82329
PPV = 0.89744
NPV = 0.78966

