segments: TP, FN, FP, TN
[2084, 305, 145, 3091]
F-1 = 0.90256
F-B = 0.88417
SEN = 0.87233
SPE = 0.95519
BAC = 0.91376
ACC = 0.92
PPV = 0.93495
NPV = 0.91019

